0.57 0.88 0.11 0.04 0.8 0.16 0.96 0.41 0.34 0.22 0.59 0.9 0.17 0.86 0.12 0.53 0.66 0.69 0.14 0.16 0.34 0.11 0.06 0.95 0.44 0.21 0.88 0.03 0.25 0.3 0.75 0.73 0.01 0.36 0.03 0.04 0.44 0.07 0.06 0.71 0.14 0.05 0.2 0.96 0.95 0.08 0.63 0.99 0.66 0.25 0.13 1.0 0.57 0.48 0.2 0.62 0.17 0.18 0.83 0.54 0.63 0.04 0.01 0.61 0.57 0.83 0.04 0.14 0.79 0.56  
0.79 0.37 0.42 0.77 0.58 0.56 0.4 0.0 0.48 0.07 0.57 0.77 0.91 1.0 0.33 0.57 0.66 0.87 0.27 0.45 0.92 0.85 0.46 0.57 0.46 0.62 0.79 0.13 0.97 0.67 0.17 0.82 0.3 0.74 0.55 0.58 0.48 0.09 0.55 0.99 0.73 0.29 0.8 0.25 0.72 0.93 0.12 0.98 0.37 0.4 0.68 0.36 0.56 0.77 0.27 0.48 0.51 0.71 0.2 0.72 0.29 0.69 0.85 0.08 0.02 0.25 0.29 0.33 0.93 0.91  
0.47 0.63 0.59 0.22 0.09 0.03 0.43 0.58 0.46 0.87 0.44 0.37 0.08 0.79 0.73 0.99 0.59 0.29 1.0 0.92 0.82 0.38 0.77 0.86 0.02 0.91 0.27 0.43 0.22 0.57 0.66 0.55 0.03 0.45 0.77 0.91 0.73 0.08 0.71 0.33 0.54 0.91 0.32 0.04 0.88 0.78 0.13 0.01 0.4 0.72 0.18 0.45 0.07 0.16 0.42 0.68 0.04 0.89 0.04 0.27 0.39 0.84 0.87 0.22 0.95 0.78 0.12 0.48 0.01 0.6  
0.65 0.88 0.01 0.56 0.31 0.75 0.49 0.48 0.44 0.19 0.76 0.31 0.98 0.86 0.8 0.65 0.6 0.87 0.93 0.48 0.08 0.78 0.19 0.16 0.18 0.53 0.13 0.03 0.55 0.06 0.95 0.89 0.51 0.36 0.2 0.54 0.2 0.13 0.82 0.26 0.02 0.11 0.77 0.17 0.53 0.61 0.67 0.38 0.46 0.01 0.13 0.12 0.19 0.81 0.53 0.85 0.85 0.45 0.18 0.05 0.07 0.9 0.22 0.43 0.76 0.58 0.38 0.61 0.2 0.52  
0.09 0.14 0.67 0.22 0.76 0.07 0.87 0.82 0.66 0.58 0.61 0.54 0.43 0.62 0.82 0.12 0.19 0.54 0.28 0.58 0.23 0.85 0.28 0.75 0.38 0.19 0.37 0.61 0.45 0.53 0.19 0.71 0.84 0.43 0.8 0.64 0.68 0.74 0.02 0.3 0.01 0.14 0.02 0.84 0.27 0.77 0.88 0.75 0.5 0.45 0.7 0.62 0.98 0.52 0.91 0.5 0.3 0.25 0.34 0.53 0.76 0.35 0.12 0.84 0.18 0.62 0.72 0.31 0.8 0.45  
0.17 0.76 0.21 0.8 0.18 0.72 0.21 0.23 0.78 0.52 0.25 0.91 0.17 0.09 0.99 0.44 0.74 0.11 0.94 0.66 0.5 0.53 0.23 0.87 0.7 0.65 0.33 0.59 0.27 0.32 0.61 0.77 0.22 0.4 0.35 0.65 0.51 0.04 0.64 0.63 0.78 0.92 0.79 0.15 0.79 0.3 0.26 0.69 0.74 0.69 0.21 0.47 0.53 0.13 0.76 0.39 0.38 0.9 0.37 0.95 0.68 0.53 0.06 0.69 0.53 0.59 0.76 0.82 0.01 0.67  
0.82 0.95 0.54 0.17 0.43 0.34 0.16 0.62 1.0 0.72 0.42 0.89 0.26 0.14 0.25 0.8 0.76 0.73 0.49 0.07 0.29 0.7 0.64 0.43 0.9 0.91 0.93 0.96 0.78 0.47 0.21 0.6 0.08 0.16 0.95 0.52 0.15 0.82 0.16 0.92 0.7 0.34 0.47 0.6 0.92 0.06 0.16 0.71 0.11 0.46 0.73 0.35 0.24 0.18 0.67 0.22 0.43 0.35 0.97 0.61 0.86 0.98 0.3 0.43 0.34 0.06 0.17 0.84 0.42 0.69  
0.84 0.34 0.44 0.83 0.66 0.78 0.35 0.47 0.24 0.78 0.19 0.41 0.82 0.76 0.05 0.19 0.69 0.2 0.38 0.04 0.39 0.63 0.91 0.42 0.54 1.0 0.8 0.44 0.99 0.47 0.36 0.54 0.71 0.25 0.41 0.45 0.94 0.59 0.08 0.47 0.96 0.99 0.29 0.4 0.5 0.68 0.01 0.39 0.9 0.37 0.13 0.13 0.95 0.89 0.87 0.29 0.91 0.29 0.99 0.4 0.36 0.25 0.19 0.51 0.19 0.46 0.75 0.08 0.85 0.85  
0.18 0.44 0.56 0.89 0.22 0.24 0.65 0.53 0.9 0.95 0.87 0.25 0.07 0.19 0.37 0.02 0.54 0.46 0.08 0.63 0.97 0.02 0.23 0.88 0.8 0.56 0.34 0.75 0.57 0.15 0.12 0.59 0.7 0.55 0.64 0.44 0.17 1.0 0.79 0.68 0.22 0.48 0.89 0.03 0.35 0.83 0.62 0.7 0.66 0.4 0.51 0.11 0.84 0.22 0.61 0.48 0.7 0.98 0.82 0.57 0.27 0.84 0.56 1.0 0.42 0.68 0.88 0.01 0.82 0.47  
0.74 0.69 0.76 0.17 0.55 0.93 0.78 0.43 0.4 0.14 0.26 0.65 0.86 0.23 0.45 0.88 0.87 0.41 0.14 0.19 0.11 0.03 0.08 0.53 0.2 0.52 0.77 0.44 0.12 0.72 0.71 0.94 0.58 0.76 0.33 0.18 0.61 0.75 0.97 0.26 0.91 0.89 0.25 0.49 0.72 0.83 0.42 0.18 0.34 0.37 0.51 0.75 0.03 0.13 0.89 0.46 0.68 0.28 0.05 0.57 0.63 0.91 0.85 0.18 0.84 0.41 0.81 0.3 0.09 0.8  
0.81 0.77 0.85 0.79 0.2 0.99 0.43 0.25 0.37 0.29 0.11 0.7 0.99 0.68 0.39 0.22 0.26 0.67 0.84 0.69 0.91 0.48 0.64 0.04 0.58 0.7 0.94 0.44 0.41 0.87 0.62 0.95 0.13 0.13 0.7 0.31 0.48 0.14 0.3 0.78 0.4 0.18 0.1 0.96 0.45 0.92 0.04 0.79 0.74 0.18 0.64 0.36 0.03 0.13 0.15 0.64 0.7 0.21 0.87 0.13 0.18 0.91 0.04 0.01 0.6 0.07 0.17 0.99 0.58 0.39  
0.02 0.28 0.84 0.76 0.36 0.77 0.57 0.18 0.03 0.38 0.44 0.43 0.24 0.23 0.08 0.1 0.93 0.64 0.82 0.43 0.14 0.7 0.81 0.55 0.25 0.33 0.95 0.93 0.99 0.24 0.67 0.29 0.3 0.15 0.25 0.28 0.67 0.85 0.28 0.9 0.11 0.86 0.8 0.98 0.47 0.94 0.94 0.95 0.85 0.93 0.98 0.03 0.0 0.98 0.6 0.64 0.31 0.67 0.37 0.96 0.95 0.36 0.45 0.52 0.76 0.45 0.61 0.91 0.34 0.41  
0.34 0.58 0.48 0.91 0.68 0.43 0.34 0.48 0.17 0.78 0.37 0.12 0.51 0.91 0.84 0.41 0.78 0.7 0.75 0.28 0.17 0.9 0.07 0.76 0.24 0.08 0.17 0.36 0.87 0.65 0.26 0.65 0.33 0.3 0.71 0.71 0.61 0.59 0.04 0.09 0.67 0.1 0.37 0.62 0.16 0.67 0.89 0.19 0.02 0.06 0.26 0.3 0.77 0.74 0.17 0.52 0.3 0.77 0.76 0.84 0.67 0.4 0.26 0.63 0.69 0.48 0.0 0.97 0.38 0.93  
0.96 0.38 0.71 0.89 0.15 0.89 0.44 0.4 0.2 0.76 0.17 0.24 0.44 0.31 0.79 0.87 0.61 0.15 0.42 0.85 0.98 0.5 0.29 0.4 0.65 0.34 0.18 0.92 0.66 0.14 0.85 0.29 0.17 0.73 0.05 0.99 0.72 0.04 0.24 0.62 0.79 0.47 0.31 0.63 0.94 0.24 0.57 0.29 0.29 0.55 0.74 0.1 0.32 0.87 0.96 0.81 0.01 0.01 0.54 0.06 0.79 0.87 0.97 0.75 0.98 0.92 0.49 0.63 0.39 0.57  
0.71 0.59 0.11 0.59 0.02 0.37 0.84 0.43 0.75 0.23 0.91 0.33 0.86 0.95 0.54 0.7 0.28 0.57 0.33 0.71 0.32 0.54 0.3 0.8 0.09 0.88 0.83 0.01 0.51 0.33 0.46 0.44 0.37 0.74 0.72 0.44 0.89 0.55 0.19 0.02 0.29 0.94 0.45 0.31 0.14 0.0 0.05 0.74 0.01 0.58 0.26 0.16 0.08 0.98 0.12 0.48 0.54 0.15 0.45 0.5 0.25 0.94 0.35 0.38 0.45 0.48 0.27 0.89 0.3 0.54  
0.9 0.54 0.57 0.77 0.97 0.27 0.3 0.71 0.57 0.56 0.03 0.98 0.7 0.78 0.77 0.94 0.66 0.64 0.38 0.58 0.22 0.7 0.73 0.01 0.83 0.39 0.54 0.16 0.63 0.04 0.42 0.7 0.82 0.78 0.86 0.44 0.58 0.95 0.28 0.36 0.05 0.81 0.59 0.89 0.63 0.07 0.36 0.3 0.54 0.64 0.51 0.75 0.8 0.36 0.29 0.39 0.57 0.56 0.44 0.32 0.39 0.15 0.5 0.29 0.08 0.89 1.0 0.63 0.71 0.35  
0.26 0.3 0.84 0.55 0.81 0.16 0.17 0.15 0.75 0.72 0.58 0.24 0.92 0.92 0.01 0.6 0.31 0.02 0.92 0.15 0.25 0.19 0.53 0.89 0.39 0.56 0.74 0.71 0.29 0.8 0.6 0.21 0.04 0.39 0.07 0.0 0.39 0.58 0.89 0.58 0.94 0.42 0.99 0.55 0.28 0.47 0.97 1.0 0.17 0.09 0.99 0.79 0.77 0.45 0.36 0.76 0.31 0.22 0.56 0.43 0.7 0.22 0.09 0.8 0.63 0.7 0.34 0.41 0.62 0.22  
0.38 0.45 0.38 0.24 0.89 0.29 0.72 0.63 0.45 0.99 0.44 0.34 0.85 0.14 0.1 0.22 0.69 0.78 0.86 0.06 0.15 0.4 0.3 0.27 0.56 0.91 0.03 0.52 0.62 0.24 0.62 0.05 0.06 0.72 0.63 0.91 0.99 0.21 0.89 0.37 0.55 0.54 0.35 0.63 0.15 0.57 0.51 0.28 0.33 0.45 0.29 0.87 0.33 0.27 0.89 0.06 0.27 0.11 0.38 0.53 0.43 0.57 0.83 0.82 0.27 0.75 0.26 0.54 0.58 0.93  
0.27 0.6 0.53 0.97 0.51 0.84 0.86 0.29 0.53 0.63 0.74 0.98 0.04 0.56 0.69 0.29 1.0 0.17 0.79 0.3 0.25 0.31 0.2 0.8 0.73 0.18 0.59 0.18 0.02 0.47 0.76 0.8 0.69 0.61 0.97 0.17 0.84 0.91 0.32 0.62 0.36 0.17 0.97 0.69 0.5 0.61 0.45 0.02 0.99 0.75 0.79 0.43 0.22 0.01 0.01 0.54 0.87 0.03 0.35 0.94 0.2 0.23 0.91 0.21 0.18 0.74 0.15 0.92 0.81 0.22  
0.54 0.5 0.42 0.72 0.87 0.74 0.01 0.68 0.57 0.06 0.54 0.84 0.05 0.52 0.74 0.37 0.41 0.79 0.05 0.2 0.52 0.66 0.27 0.85 0.41 0.07 0.96 0.33 0.65 0.55 0.86 0.14 0.69 0.33 0.29 0.29 0.54 0.07 0.17 0.56 0.1 0.26 0.28 0.87 0.7 0.95 0.2 0.86 0.65 0.34 0.86 0.25 0.74 0.16 0.82 0.39 0.62 0.49 0.82 0.89 0.26 0.85 0.16 0.89 0.95 0.98 0.76 0.56 0.99 0.61  
0.33 0.28 0.76 0.02 0.76 0.54 0.73 0.94 0.25 0.23 0.08 0.47 0.4 0.64 0.64 0.32 0.65 0.7 0.09 0.8 0.61 0.57 0.11 0.19 0.51 0.66 0.48 0.12 0.22 0.62 0.11 0.72 0.37 0.53 0.8 0.91 0.57 0.83 0.73 0.35 0.41 0.16 0.78 0.86 0.28 0.09 0.41 0.17 0.23 0.47 0.04 0.79 0.04 0.77 0.03 0.89 0.59 0.89 0.77 0.72 0.3 0.96 0.85 0.91 0.72 0.31 0.11 0.55 0.84 0.35  
0.93 0.64 0.89 0.28 0.5 0.74 0.82 0.2 0.62 0.16 0.28 0.51 0.11 0.15 0.79 0.16 0.2 0.88 0.39 0.91 0.12 0.88 0.68 0.76 0.66 0.75 0.63 0.84 0.55 0.66 0.86 0.86 0.42 0.18 0.66 0.34 0.81 0.33 0.6 0.33 0.3 0.8 0.7 0.25 0.29 0.26 0.74 0.81 0.0 0.6 0.96 0.76 0.47 0.86 0.24 0.34 0.21 0.11 0.7 0.73 0.54 0.49 0.0 0.1 0.69 0.74 0.79 0.69 0.52 0.5  
0.16 0.7 0.21 0.44 0.73 0.54 0.17 0.12 0.58 0.65 0.2 0.1 0.31 0.3 0.41 0.35 0.42 0.91 0.29 0.58 0.63 0.33 0.97 0.35 0.95 0.84 0.34 0.27 0.06 1.0 0.32 0.68 1.0 0.79 0.48 0.35 0.3 0.67 0.4 0.59 0.58 0.13 0.25 0.46 0.66 0.52 0.48 0.09 0.83 0.61 0.02 0.22 0.26 0.45 0.19 0.53 0.09 0.22 0.11 0.87 0.75 0.24 0.72 0.06 0.79 0.94 0.35 0.07 0.72 0.67  
0.43 0.89 0.66 0.19 0.99 0.4 0.89 0.14 0.68 0.55 0.13 0.73 0.32 0.44 0.84 0.19 0.48 0.38 0.18 0.26 0.16 0.13 0.76 0.87 0.18 0.96 0.93 0.23 0.3 0.95 0.55 0.8 0.47 0.34 0.65 0.41 0.51 0.21 0.24 0.48 0.3 0.09 0.09 0.17 0.55 0.24 0.52 0.18 0.56 0.65 0.29 0.7 0.52 0.55 0.9 0.32 0.57 0.55 0.21 0.62 0.34 0.02 0.74 0.35 0.73 0.3 0.9 0.46 0.24 0.84  
0.27 0.52 0.92 0.16 0.04 0.25 0.49 0.69 0.17 0.9 0.46 0.14 0.99 0.08 0.88 0.38 0.53 0.7 0.75 0.74 0.86 0.28 0.58 0.03 0.07 0.69 0.86 0.43 0.06 0.8 0.38 0.31 0.07 0.24 0.71 0.91 0.4 0.69 0.54 0.54 0.37 0.39 0.66 0.5 0.75 1.0 0.6 0.58 0.35 0.77 0.58 0.34 0.74 0.26 0.04 0.77 0.74 0.49 0.72 0.18 0.11 0.56 0.51 0.35 0.71 0.24 0.96 0.95 0.62 0.83  
0.12 0.28 0.67 0.12 0.38 0.4 0.65 0.7 0.95 0.13 0.49 0.16 0.0 0.52 0.87 0.33 0.72 0.68 0.28 0.32 0.31 0.5 0.67 0.81 0.46 0.3 0.98 0.54 0.89 0.39 0.22 0.14 0.4 0.25 0.14 0.18 0.21 0.82 0.27 0.89 0.61 0.49 0.85 0.83 0.48 0.43 0.15 0.11 0.94 0.64 0.74 0.37 0.02 0.84 0.6 0.92 0.44 0.21 0.3 0.7 0.64 0.16 0.22 0.98 0.22 0.14 0.11 0.62 0.96 0.71  
0.89 0.8 0.43 0.4 0.69 0.78 0.68 0.16 0.35 0.45 0.88 0.07 0.01 0.51 0.1 0.34 0.71 0.28 0.46 0.25 0.96 0.16 0.59 0.55 0.7 0.59 0.31 0.69 0.24 0.19 0.75 0.82 0.92 0.45 0.45 0.89 0.46 0.01 0.34 0.87 0.35 0.03 0.41 0.24 0.54 0.55 0.38 0.39 0.9 0.21 0.91 0.37 0.58 0.82 0.91 0.96 0.7 0.34 0.7 0.59 0.71 0.16 0.36 0.81 0.55 0.27 0.14 0.52 0.85 0.78  
0.47 0.24 0.64 0.26 0.15 0.87 0.18 0.77 0.23 0.28 0.42 0.19 0.45 0.13 0.79 0.88 0.29 0.0 0.34 0.2 0.42 0.77 0.83 0.54 0.82 0.63 0.71 0.88 0.91 0.93 0.18 0.03 0.75 0.13 0.02 0.4 0.79 0.91 0.35 0.74 0.82 0.22 0.41 0.24 0.17 0.91 0.21 0.94 0.05 0.77 0.14 0.53 0.47 0.75 0.75 0.42 0.29 0.07 0.23 0.15 0.85 0.55 0.93 0.08 0.16 0.5 0.65 0.91 0.67 0.65  
